 <pre>

 Contingency table for Cloud cover (octas)
 Selection: ALL     79 stations
Period: 20211110-20211130
Used {00,03,...,21} + 03 06 ... 36
 Limits   0.500000000       1.50000000       2.50000000       3.50000000       4.50000000       5.50000000       6.50000000       7.50000000    
 Each class is data <= limit, the very last > last limit
 Total number of values       73116
                                                       OBSERVATION
                                   7824      943      513      412      269      238      335      573     1382 |     12489
                                   1286      224      171      172      105      142      130      276      712 |      3218
                                    746      163      122      132       76      106      116      208      543 |      2212
                                    623      122       87      105       64      103      101      216      519 |      1940
                           REF      574       91      111      107       68       66      123      223      557 |      1920
                                    574      118       98      121       71      101      134      279      599 |      2095
                                    658      143      117      114       97      128      179      340      742 |      2518
                                   1062      191      200      198      147      225      292      600     1354 |      4269
                                   4673     1001      922     1041      946     1557     2359     6618    23338 |     42455

                    SUM           18020     2996     2341     2402     1843     2666     3769     9333    29746 |     73116
                                                       OBSERVATION
                                   7905      940      508      435      256      238      319      536     1290 |     12427
                                   1269      259      165      152      109      137      139      277      713 |      3220
                                    758      146      131      134       68      104      108      213      540 |      2202
                                    669      112      107      116       65      113      101      186      559 |      2028
                         SCATT      551      122      102       99       68       96      149      206      558 |      1951
                                    583      114      112      131       69      108      128      255      596 |      2096
                                    659      143      126      117      101      131      169      348      755 |      2549
                                   1012      185      172      202      151      198      281      639     1301 |      4141
                                   4614      975      918     1016      956     1541     2375     6673    23434 |     42502

                    SUM           18020     2996     2341     2402     1843     2666     3769     9333    29746 |     73116

