 <pre>

 Contingency table for Visibility (m)
 Selection: ALL    104 stations
Period: 20211110-20211130
Used {00,06,12,18} + 00 03 ... 36
 Limits    1000.00000       5000.00000       10000.0000       20000.0000    
 Each class is data <= limit, the very last > last limit
 Total number of values       98910
                                     OBSERVATION
                                    571      506      276      158      301 |      1812
                                   1104     4941     2632     2754     6076 |     17507
                           REF      239     1634     1212     1666     5216 |      9967
                                    194     1172     1259     2551    14138 |     19314
                                    507     3726     5065     8972    32040 |     50310

                    SUM            2615    11979    10444    16101    57771 |     98910
                                     OBSERVATION
                                    575      500      270      144      313 |      1802
                                   1128     5009     2614     2728     6106 |     17585
                         SCATT      226     1632     1212     1601     5082 |      9753
                                    214     1158     1269     2573    14341 |     19555
                                    472     3680     5079     9055    31929 |     50215

                    SUM            2615    11979    10444    16101    57771 |     98910

