 <pre>

 Contingency table for Visibility (m)
 Selection: ALL    104 stations
Period: 20211110-20211130
Used {00,03,...,21} + 00 03 ... 36
 Limits    1000.00000       5000.00000       10000.0000       20000.0000    
 Each class is data <= limit, the very last > last limit
 Total number of values      113387
                                     OBSERVATION
                                    665      583      319      183      341 |      2091
                                   1258     5720     2984     3067     6742 |     19771
                           REF      265     1877     1426     1892     5733 |     11193
                                    215     1230     1344     2723    15126 |     20638
                                    602     4247     5892    10543    38410 |     59694

                    SUM            3005    13657    11965    18408    66352 |    113387
                                     OBSERVATION
                                    672      571      311      165      363 |      2082
                                   1279     5803     2969     3044     6771 |     19866
                         SCATT      251     1855     1427     1803     5554 |     10890
                                    233     1223     1347     2756    15384 |     20943
                                    570     4205     5911    10640    38280 |     59606

                    SUM            3005    13657    11965    18408    66352 |    113387

