 <pre>

 Contingency table for Cloud cover (octas)
 Selection: ALL     79 stations
Period: 20211110-20211130
Used {00,06,12,18} + 03 06 ... 36
 Limits   0.500000000       1.50000000       2.50000000       3.50000000       4.50000000       5.50000000       6.50000000       7.50000000    
 Each class is data <= limit, the very last > last limit
 Total number of values       67836
                                                       OBSERVATION
                                   7276      867      472      374      240      211      313      546     1290 |     11589
                                   1216      213      153      155      100      133      118      255      674 |      3017
                                    699      157      110      117       69      106      105      197      511 |      2071
                                    575      116       79      101       59      101       92      205      497 |      1825
                           REF      534       87      105       96       60       62      116      208      518 |      1786
                                    537      111       94      110       71       97      127      269      561 |      1977
                                    607      131      103      107       87      121      170      307      704 |      2337
                                    976      184      179      179      139      214      270      558     1240 |      3939
                                   4362      959      867      985      861     1451     2184     6113    21513 |     39295

                    SUM           16782     2825     2162     2224     1686     2496     3495     8658    27508 |     67836
                                                       OBSERVATION
                                   7327      872      462      394      227      216      299      504     1212 |     11513
                                   1205      251      155      136      104      131      129      255      669 |      3035
                                    714      131      119      125       64      101       97      204      508 |      2063
                                    632      109       91      104       61      109       94      171      528 |      1899
                         SCATT      510      117       97       88       64       88      135      194      519 |      1812
                                    549      107      103      121       65      103      116      242      548 |      1954
                                    611      134      122      112       97      125      154      325      717 |      2397
                                    943      178      156      186      135      184      270      588     1197 |      3837
                                   4291      926      857      958      869     1439     2201     6175    21610 |     39326

                    SUM           16782     2825     2162     2224     1686     2496     3495     8658    27508 |     67836

