 <pre>

 Contingency table for Cloud cover (octas)
 Selection: ALL     79 stations
Period: 20211110-20211130
Used {00,03,...,21} + 01 02 ... 36
 Limits   0.500000000       1.50000000       2.50000000       3.50000000       4.50000000       5.50000000       6.50000000       7.50000000    
 Each class is data <= limit, the very last > last limit
 Total number of values      183113
                                                       OBSERVATION
                                  22532     1914     1006      829      590      619      667     1555     3611 |     33323
                                   3703      522      319      373      233      294      236      727     1829 |      8236
                                   2105      386      232      247      151      226      223      561     1439 |      5570
                                   1760      277      164      212      143      192      196      559     1340 |      4843
                           REF     1572      269      189      222      124      155      196      553     1322 |      4602
                                   1606      279      184      223      144      221      223      643     1501 |      5024
                                   1836      324      229      246      205      273      304      856     1907 |      6180
                                   2905      477      390      414      326      447      510     1509     3343 |     10321
                                  12880     2710     2039     2562     2196     3366     4065    17130    58066 |    105014

                    SUM           50899     7158     4752     5328     4112     5793     6620    24093    74358 |    183113
                                                       OBSERVATION
                                  22848     1885      979      841      569      591      632     1433     3477 |     33255
                                   3617      573      307      341      221      293      243      766     1866 |      8227
                                   2145      360      238      255      180      222      195      564     1388 |      5547
                                   1743      291      194      242      136      234      197      547     1351 |      4935
                         SCATT     1572      272      200      205      125      199      232      543     1311 |      4659
                                   1578      285      213      215      143      217      203      632     1474 |      4960
                                   1858      335      254      268      196      290      309      845     1896 |      6251
                                   2735      489      336      439      310      408      523     1579     3264 |     10083
                                  12803     2668     2031     2522     2232     3339     4086    17184    58331 |    105196

                    SUM           50899     7158     4752     5328     4112     5793     6620    24093    74358 |    183113

