 <pre>

 Contingency table for Visibility (m)
 Selection: ALL    104 stations
Period: 20211110-20211130
Used {00,06,12,18} + 00 01 ... 36
 Limits    1000.00000       5000.00000       10000.0000       20000.0000    
 Each class is data <= limit, the very last > last limit
 Total number of values      245198
                                     OBSERVATION
                                   1534     1499      622      391      810 |      4856
                                   2882    12866     6151     7142    16834 |     45875
                           REF      647     4205     2763     4155    15871 |     27641
                                    658     3964     3501     8978    56059 |     73160
                                    968     7301     7930    15889    61578 |     93666

                    SUM            6689    29835    20967    36555   151152 |    245198
                                     OBSERVATION
                                   1523     1489      613      372      827 |      4824
                                   2945    12948     6133     7063    16977 |     46066
                         SCATT      650     4177     2764     4021    15611 |     27223
                                    681     3961     3534     9085    56262 |     73523
                                    890     7260     7923    16014    61475 |     93562

                    SUM            6689    29835    20967    36555   151152 |    245198

