 <pre>

 Contingency table for Cloud cover (octas)
 Selection: ALL     79 stations
Period: 20211110-20211130
Used {00,06,12,18} + 01 02 ... 36
 Limits   0.500000000       1.50000000       2.50000000       3.50000000       4.50000000       5.50000000       6.50000000       7.50000000    
 Each class is data <= limit, the very last > last limit
 Total number of values      170194
                                                       OBSERVATION
                                  20880     1759      938      770      541      560      628     1468     3376 |     30920
                                   3478      501      287      344      220      274      224      683     1749 |      7760
                                   1968      366      211      222      139      212      208      528     1361 |      5215
                                   1642      264      152      202      133      184      184      527     1276 |      4564
                           REF     1469      255      183      204      115      144      186      527     1241 |      4324
                                   1491      260      179      210      139      213      216      604     1425 |      4737
                                   1715      298      210      230      188      250      290      789     1814 |      5784
                                   2713      455      359      377      302      420      472     1395     3077 |      9570
                                  12083     2554     1914     2393     2011     3142     3759    15789    53675 |     97320

                    SUM           47439     6712     4433     4952     3788     5399     6167    22310    68994 |    170194
                                                       OBSERVATION
                                  21135     1741      905      776      518      536      592     1348     3258 |     30809
                                   3401      551      283      317      210      279      232      709     1768 |      7750
                                   2013      347      226      240      168      204      183      539     1326 |      5246
                                   1649      279      172      220      123      221      189      505     1295 |      4653
                         SCATT     1467      251      193      193      120      181      213      514     1224 |      4356
                                   1483      267      201      202      134      201      191      585     1372 |      4636
                                   1725      312      242      252      192      271      286      794     1786 |      5860
                                   2567      460      309      395      279      388      499     1451     3015 |      9363
                                  11999     2504     1902     2357     2044     3118     3782    15865    53950 |     97521

                    SUM           47439     6712     4433     4952     3788     5399     6167    22310    68994 |    170194

