 <pre>

 Contingency table for Visibility (m)
 Selection: ALL    104 stations
Period: 20211110-20211130
Used {00,03,...,21} + 00 01 ... 36
 Limits    1000.00000       5000.00000       10000.0000       20000.0000    
 Each class is data <= limit, the very last > last limit
 Total number of values      270588
                                     OBSERVATION
                                   1714     1663      698      435      903 |      5413
                                   3179    14334     6824     7785    18441 |     50563
                           REF      681     4603     3106     4587    17297 |     30274
                                    716     4141     3678     9580    60517 |     78632
                                   1073     7923     8914    17883    69913 |    105706

                    SUM            7363    32664    23220    40270   167071 |    270588
                                     OBSERVATION
                                   1705     1638      686      411      933 |      5373
                                   3237    14435     6801     7721    18616 |     50810
                         SCATT      682     4551     3108     4418    16935 |     29694
                                    741     4145     3714     9693    60802 |     79095
                                    998     7895     8911    18027    69785 |    105616

                    SUM            7363    32664    23220    40270   167071 |    270588

